Sun Jan 15 23:45:20 2023
0
975
0
0
0
3.629800
3.553630
3.629900
553.629900
1
1
4
433599
235862
34
60
1
0
1533.202770
4239.679915
0.000000
190.328620
0.146196
191.650346
-0.397319
0
1
-1
0
1500.000000
239.000000
-1261.000000
-300
0
880
2365.679827
2725
784
0
2
1
1
2000
538
0
-1449.590400
1600
-190.320245
169
496
0
Sun Jan 15 23:45:28 2023
0
4198
0
0
0
0.120700
8.777619
10.952233
777.618900
0
1
4
430851
337421
47
60
1
600
2400.051810
15843.594561
1.100000
297.937466
0.546331
300.006476
0.346630
1
0
1
-1
3000.000000
3843.000000
720.000000
300
0
880
9369.396144
-271
666
1
2
1
0
2000
538
0
0.000000
1600
3472.141502
-1168
681
1
Tue Nov 14 23:22:11 2023
0
76343
0
0
0
0.121700
81.332641
15.974133
332.640800
1
0
4
266059
87082
19
61
1
0
439.916180
166632.352815
0.000000
54.610284
5.745943
54.989523
-0.304750
0
1
-1
1
3000.000000
2632.000000
-368.000000
-300
0
880
52905.543264
-1735
679
1
2
1
0
2000
590
0
0.000000
1600
-421.263057
-62
496
1
